1.wav,"car outside"
2.wav,"car outside"
3.wav,"car outside"
4.wav,"car high"
5.wav,"car high"
6.wav,"car up high"
