1.wav,"ahead is now"
2.wav,"ahead is now"
3.wav,"in front is now"
