225.wav,"over railway"
226.wav,"over railway"
227.wav,"over railway"
228.wav,"over railway"
